%% VGG13
GOPS = ...
224*224*3*9*64 + ...
224*224*64*9*64 + ...
112*112*64*9*128 + ...
112*112*128*9*128 + ...
56*56*128*9*256 + ...
56*56*256*9*256 + ...
28*28*256*9*512 + ...
28*28*512*9*512 + ...
14*14*512*9*512 + ...
14*14*512*9*512 + ...
7*7*512*4096 + ...
4096*4096 + ...
4096*1000;

GOPS=GOPS*2; % Additions
GOPS13=GOPS/1e9

Conv_time_VGG13 = ...
224*224*8 + ...
224*224*64 + ...
112*112*128 + ...
112*112*256 + ...
56*56*512 + ...
56*56*1024 + ...
28*28*2048 + ...
28*28*4096 + ...
14*14*4096 + ...
14*14*4096;
Conv_time_VGG13 = Conv_time_VGG13/50000000

Add_time_VGG13 = ...
224*224*0 + ...
224*224*112 + ...
112*112*224 + ...
112*112*480 + ...
56*56*960 + ...
56*56*1984 + ...
28*28*3968 + ...
28*28*8064 + ...
14*14*8064 + ...
14*14*8064;
Add_time_VGG13 = Add_time_VGG13/50000000

Total_time_VGG13 = (Conv_time_VGG13 + Add_time_VGG13)
%% VGG16
GOPS = ...
224*224*3*9*64 + ...
224*224*64*9*64 + ...
112*112*64*9*128 + ...
112*112*128*9*128 + ...
56*56*128*9*256 + ...
56*56*256*9*256 + ...
56*56*256*9*256 + ...
28*28*256*9*512 + ...
28*28*512*9*512 + ...
28*28*512*9*512 + ...
14*14*512*9*512 + ...
14*14*512*9*512 + ...
14*14*512*9*512 + ...
7*7*512*4096 + ...
4096*4096 + ...
4096*1000;

GOPS=GOPS*2; % Additions
GOPS16=GOPS/1e9

Conv_time_VGG16 = ...
224*224*8 + ...
224*224*64 + ...
112*112*128 + ...
112*112*256 + ...
56*56*512 + ...
56*56*1024 + ...
56*56*1024 + ...
28*28*2048 + ...
28*28*4096 + ...
28*28*4096 + ...
14*14*4096 + ...
14*14*4096 + ...
14*14*4096;
Conv_time_VGG16 = Conv_time_VGG16/50000000

Add_time_VGG16 = ...
224*224*0 + ...
224*224*112 + ...
112*112*224 + ...
112*112*480 + ...
56*56*960 + ...
56*56*1984 + ...
56*56*1984 + ...
28*28*3968 + ...
28*28*8064 + ...
28*28*8064 + ...
14*14*8064 + ...
14*14*8064 + ...
14*14*8064;
Add_time_VGG16 = Add_time_VGG16/50000000

Total_time_VGG16 = (Conv_time_VGG16 + Add_time_VGG16)
%% VGG19
GOPS = ...
224*224*3*9*64 + ...
224*224*64*9*64 + ...
112*112*64*9*128 + ...
112*112*128*9*128 + ...
56*56*128*9*256 + ...
56*56*256*9*256 + ...
56*56*256*9*256 + ...
56*56*256*9*256 + ...
28*28*256*9*512 + ...
28*28*512*9*512 + ...
28*28*512*9*512 + ...
28*28*512*9*512 + ...
14*14*512*9*512 + ...
14*14*512*9*512 + ...
14*14*512*9*512 + ...
14*14*512*9*512 + ...
7*7*512*4096 + ...
4096*4096 + ...
4096*1000;

GOPS=GOPS*2; % Additions
GOPS19=GOPS/1e9

Conv_time_VGG19 = ...
224*224*8 + ...
224*224*64 + ...
112*112*128 + ...
112*112*256 + ...
56*56*512 + ...
56*56*1024 + ...
56*56*1024 + ...
56*56*1024 + ...
28*28*2048 + ...
28*28*4096 + ...
28*28*4096 + ...
28*28*4096 + ...
14*14*4096 + ...
14*14*4096 + ...
14*14*4096 + ...
14*14*4096;
Conv_time_VGG19 = Conv_time_VGG19/50000000

Add_time_VGG19 = ...
224*224*0 + ...
224*224*112 + ...
112*112*224 + ...
112*112*480 + ...
56*56*960 + ...
56*56*1984 + ...
56*56*1984 + ...
56*56*1984 + ...
28*28*3968 + ...
28*28*8064 + ...
28*28*8064 + ...
28*28*8064 + ...
14*14*8064 + ...
14*14*8064 + ...
14*14*8064 + ...
14*14*8064;
Add_time_VGG19 = Add_time_VGG19/50000000

Total_time_VGG19 = (Conv_time_VGG19 + Add_time_VGG19)

%% Conv time per layer
Conv_time_VGG_L = zeros(1,7);
Conv_time_VGG = 224*224*8;
Conv_time_VGG_L(1) = Conv_time_VGG/50000000;

Conv_time_VGG = 224*224*64;
Conv_time_VGG_L(2) = Conv_time_VGG/50000000;

Conv_time_VGG = 112*112*128;
Conv_time_VGG_L(3) = Conv_time_VGG/50000000;

Conv_time_VGG = 112*112*256;
Conv_time_VGG_L(4) = Conv_time_VGG/50000000;

Conv_time_VGG = 56*56*512;
Conv_time_VGG_L(5) = Conv_time_VGG/50000000;

Conv_time_VGG = 56*56*1024;
Conv_time_VGG_L(6) = Conv_time_VGG/50000000;

Conv_time_VGG = 56*56*1024;
Conv_time_VGG_L(7) = Conv_time_VGG/50000000;
